✗	0	5	58	17	92	Druk:
✗	100	5	107	22	91	Streamsoft
✗	213	5	155	17	90	PCBIZNES
✗	400	5	93	17	93	5.1.176.2
✗	1140	67	221	36	92	Podatkowa
✗	1374	67	127	46	92	księga
✗	1513	67	244	46	91	przychodów
✗	1798	67	221	36	91	rozchodów
✗	2092	67	163	46	90	Sierpień
✗	688	125	263	35	92	GRZEG0RZ
✗	966	125	179	35	90	CIEK0T
✗	1329	125	178	35	89	SERWIS
✗	1522	124	108	46	89	A1eja
✗	1642	124	302	46	92	Niepod1egłości
✗	2021	124	265	45	91	Częstochowa
✗	2299	125	139	35	93	42-216
✗	2573	125	242	35	96	5732475751
✗	828	207	127	34	92	Kontrahent
✗	1826	211	107	26	92	Przychód
✗	2222	211	72	26	91	Zakup
✗	2733	211	98	26	89	Wydatki
✗	2839	211	93	26	93	(koszty)
✗	3179	212	81	25	92	Koszty
✗	1406	244	109	20	91	zdarzenia
✗	2208	244	101	20	92	towarów
✗	2387	240	80	34	92	Koszty
✗	3179	244	134	26	91	rozwojowej
✗	334	278	92	20	92	dowodu
✗	1649	274	89	34	92	wartość
✗	2030	285	71	13	92	razem
✗	2189	278	139	26	89	hand1owych
✗	2379	278	94	20	92	uboczne
✗	2531	285	108	19	92	wynagro-
✗	2930	285	71	13	92	razem
✗	3211	278	79	20	85	art.26e
✗	352	311	55	26	93	księ-
✗	662	311	108	20	91	nazwisko
✗	1016	307	67	34	92	Adres
✗	1343	311	172	26	92	gospodarczego
✗	1623	311	143	26	91	sprzedanych
✗	1825	307	108	34	92	pozostałe
✗	2012	311	106	26	92	przychód
✗	2217	311	97	20	92	materiał.
✗	2386	311	82	26	93	zakupu
✗	2534	311	74	20	92	dzenia
✗	2716	307	108	34	92	pozostałe
✗	2919	307	91	34	92	wydatki
✗	3181	311	134	26	90	dochodowy
✗	335	352	89	19	92	gowego
✗	640	341	78	34	92	(firma)
✗	1644	345	100	20	91	towarów
✗	1819	345	121	26	92	przychody
✗	2034	345	62	26	92	(7+8)
✗	2530	345	96	26	92	gotówce
✗	2919	345	91	26	89	(12+13)
✗	1671	378	61	26	93	usług
✗	2218	378	83	26	91	zakupu
✗	2558	381	83	17	93	naturze
✗	3235	378	76	20	92	wartoś
✓	248	579	213	20	40	F/00295/08/25/M1
✗	531	579	94	20	92	"ASW0
✗	686	579	133	20	89	P0BR0TY
✗	848	579	139	20	89	|Inwestorska
✗	995	579	116	25	91	26,75-845
✗	1121	579	101	20	84	Kosza1in
✗	1271	579	112	20	75	|K0SZTY
✓	251	613	216	20	89	19578/08/2025/UP
✗	530	613	156	20	92	LEASELINK
✗	695	607	110	26	90	SPÓŁKA
✗	848	613	145	20	87	|Grochowska
✗	1002	613	182	24	92	306/308,03-840
✗	1271	613	112	20	92	|K0SZTY
✗	219	646	135	20	39	1|19113/25
✗	531	646	168	20	90	"AUT0-GAZ"
✗	709	646	66	20	92	Firma
✗	848	646	154	26	69	Częstochowa
✗	1010	646	107	20	91	Gościnna
✗	1126	646	114	25	91	90,42-271
✗	1271	646	112	20	91	|K0SZTY
✗	215	680	139	20	55	4/295/2025
✗	531	680	104	20	92	"EUR0P
✗	644	680	173	20	43	ASSISTANCE
✗	848	681	90	25	73	|Postępu
✗	983	680	107	24	92	C,02-676
✗	1100	681	120	19	89	Warszawa
✗	1272	676	143	24	77	|SPRZEDAŻ
✗	215	713	139	20	24	4/296/2025
✗	606	707	110	26	92	SPÓŁKA
✗	749	713	61	20	49	0GR._
✗	937	713	117	25	92	28,42-217
✗	1064	713	153	26	91	Częstochowa
✗	1272	709	143	24	55	|SPRZEDAŻ
✗	215	747	139	20	45	4/297/2025
✗	531	747	209	25	91	"QUADRA-NET"
✗	848	748	50	19	92	|Jana
✗	907	747	177	26	93	Czochra1skiego
✗	1094	747	101	24	93	8,61-248
✗	1272	743	143	24	89	SPRZEDAŻ
✗	248	780	259	20	70	|F/M04/0000080/08/25
✗	531	780	209	25	89	"QUADRA-NET"
✗	848	781	50	19	85	|Jana
✗	907	780	177	26	92	Czochra1skiego
✗	1094	780	101	24	92	8,61-248
✗	1271	780	112	20	63	|K0SZTY
✗	215	814	162	20	67	4|32/08/2025
✗	530	814	78	26	92	Lucjan
✗	617	814	162	20	92	Wodzisławski
✗	848	814	91	20	92	Kraków
✗	948	814	92	20	92	Leonida
✗	1049	814	66	26	92	Te1igi
✗	1124	814	115	25	87	24,30-835
✗	1271	814	112	20	91	|K0SZTY
✗	216	847	138	20	75	5|298/2025
✗	531	847	161	20	91	"INTERRISK
✗	700	847	122	20	91	T0WARZ
✗	849	847	122	20	86	|Stanisława
✗	980	847	171	26	91	Noakowskiego
✗	1160	847	88	24	92	22,00-6
✗	1272	843	143	24	86	SPRZEDAŻ
✗	44	881	60	20	92	10/08
✗	216	881	245	20	57	5|F/01545/08/25/M1
✗	531	881	94	20	91	"ASW0
✗	686	881	133	20	88	P0BR0TY
✗	848	881	139	20	88	|Inwestorska
✗	995	881	116	25	91	26,75-845
✗	1121	881	101	20	81	Kosza1in
✗	1271	881	112	20	81	|K0SZTY
✗	44	914	60	20	91	11/08
✗	216	914	185	20	68	5|108/S/8/2025
✗	530	914	82	20	91	Łukasz
✗	621	914	92	20	92	Wronka
✗	848	914	92	20	92	Masłów
✗	949	914	104	26	92	Pierwszy
✗	1063	908	158	32	92	Świerczyńska
✗	1271	914	112	20	81	|K0SZTY
✗	44	948	60	20	92	12/08
✗	248	948	157	20	90	234/8/2025/B
✗	530	948	148	20	91	GRANITAN
✗	689	942	110	26	92	SPÓŁKA
✗	847	948	109	20	89	|Łomianki
✗	965	948	147	20	92	Warszawska
✗	1123	948	128	25	92	135,05-092
✗	1271	948	112	20	88	K0SZTY
✗	44	981	60	20	92	13/08
✗	216	981	138	20	48	6|299/2025
✗	531	981	161	20	92	"INTERRISK
✗	700	981	122	20	89	T0WARZ
✗	849	981	122	20	48	|Stanisława
✗	980	981	171	26	92	Noakowskiego
✗	1160	981	88	24	93	22,00-6
✗	1272	977	143	24	86	SPRZEDAŻ
✗	44	1015	60	20	92	14/08
✓	248	1015	213	20	64	F/02034/08/25/M1
✗	531	1015	94	20	91	"ASW0
✗	686	1015	133	20	88	P0BR0TY
✗	848	1015	139	20	88	|Inwestorska
✗	995	1015	116	25	92	26,75-845
✗	1121	1015	101	20	83	Kosza1in
✗	1271	1015	112	20	82	|K0SZTY
✗	44	1048	60	20	92	15/08
✗	288	1048	157	20	93	8134/08/2025
✗	604	1048	168	20	87	K0MPUTER"
✗	847	1048	105	26	89	|Andrzeja
✗	962	1048	72	26	93	Struga
✗	1042	1048	114	25	92	40,90-501
✗	1271	1048	112	20	88	|K0SZTY
✗	44	1082	60	20	92	16/08
✓	248	1082	213	20	85	F/02647/08/25/M1
✗	531	1082	94	20	91	"ASW0
✗	686	1082	133	20	88	P0BR0TY
✗	848	1082	139	20	88	|Inwestorska
✗	995	1082	116	25	91	26,75-845
✗	1121	1082	101	20	83	Kosza1in
✗	1271	1082	112	20	79	|K0SZTY
✗	44	1115	60	20	89	17/08
✓	248	1115	259	20	89	F/M04/0000180/08/25
✗	531	1115	209	25	64	"QUADRA-NET"
✗	848	1116	50	19	92	|Jana
✗	907	1115	177	26	93	Czochra1skiego
✗	1094	1115	101	24	92	8,61-248
✗	1271	1115	112	20	75	K0SZTY
✗	44	1148	60	20	92	18/08
✓	248	1148	106	20	90	300/2025
✗	531	1148	104	20	93	"EUR0P
✗	644	1148	173	20	36	ASSISTANCE
✗	848	1149	90	25	64	|Postępu
✗	983	1148	107	24	92	C,02-676
✗	1100	1149	120	19	89	Warszawa
✗	1272	1144	143	24	79	|SPRZEDAŻ
✗	44	1182	60	20	92	19/08
✓	248	1182	106	20	79	301/2025
✗	614	1176	110	26	92	SPÓŁKA
✗	732	1182	91	20	92	AKCYJ
✗	886	1183	113	19	92	Dworcem
✗	1010	1182	120	25	89	1D,77-400
✗	1139	1182	82	20	93	Złotów
✗	1272	1178	143	24	44	SPRZEDAŻ
✗	41	1215	63	20	93	20/08
✓	248	1215	259	20	76	F/M09/0001192/08/25
✗	531	1215	209	25	77	"QUADRA-NET"
✗	848	1216	50	19	93	|Jana
✗	907	1215	177	26	90	Czochra1skiego
✗	1094	1215	101	24	92	8,61-248
✗	1271	1216	94	19	55	ZAKUP
✗	1374	1209	153	26	92	T0WARÓW
✗	41	1249	63	20	93	21/08
✗	204	1249	150	20	72	11|302/2025
✗	530	1249	121	20	92	RAGNAR
✗	660	1249	145	20	92	L0GISTICS
✗	847	1249	86	20	89	Łódzka
✗	942	1249	150	24	91	208B,42-218
✗	1102	1249	140	26	92	Częstochow
✗	1272	1245	143	24	91	|SPRZEDAŻ
✗	41	1282	63	20	92	22/08
✗	204	1282	150	20	81	11|303/2025
✗	614	1276	110	26	92	SPÓŁKA
✗	732	1282	91	20	92	AKCYJ
✗	886	1283	113	19	92	Dworcem
✗	1010	1282	120	25	90	1D,77-400
✗	1139	1282	82	20	93	Złotów
✗	1272	1278	143	24	40	SPRZEDAŻ
✗	41	1316	63	20	93	23/08
✓	248	1316	259	20	55	F/M05/0000291/08/25
✗	531	1316	209	25	66	"QUADRA-NET"
✗	848	1317	50	19	92	|Jana
✗	907	1316	177	26	93	Czochra1skiego
✗	1094	1316	101	24	93	8,61-248
✗	1271	1316	112	20	80	|K0SZTY
✗	41	1349	63	20	93	24/08
✓	248	1349	213	20	41	F/03557/08/25/M1
✗	531	1349	94	20	91	"ASW0
✗	686	1349	133	20	88	P0BR0TY
✗	848	1349	139	20	88	|Inwestorska
✗	995	1349	116	25	92	26,75-845
✗	1121	1349	101	20	83	Kosza1in
✗	1271	1349	112	20	82	|K0SZTY
✗	41	1383	63	20	93	25/08
✓	248	1383	106	20	88	304/2025
✗	530	1384	94	19	92	MEDIA
✗	632	1384	103	19	93	MARKT
✗	744	1383	67	20	33	P0LS_
✗	847	1383	61	26	33	|A1eje
✗	917	1383	158	20	93	Jerozo1imskie
✗	1087	1383	127	25	92	179,02-222
✗	1272	1379	143	24	84	SPRZEDAŻ
✗	41	1417	63	20	92	26/08
✗	248	1417	153	20	90	309/S/8/2025
✗	530	1417	82	20	91	Łukasz
✗	621	1417	92	20	92	Wronka
✗	848	1417	92	20	93	Masłów
✗	949	1417	104	26	92	Pierwszy
✗	1063	1411	158	32	92	Świerczyńska
✗	1271	1417	112	20	75	|K0SZTY
✗	41	1450	63	20	93	27/08
✓	248	1450	213	20	50	F/04139/08/25/M1
✗	531	1450	94	20	91	"ASW0
✗	686	1450	133	20	89	P0BR0TY
✗	848	1450	139	20	89	|Inwestorska
✗	995	1450	116	25	92	26,75-845
✗	1121	1450	101	20	81	Kosza1in
✗	1271	1450	112	20	80	|K0SZTY
✗	41	1484	63	20	93	28/08
✓	248	1484	259	20	73	F/M04/0000352/08/25
✗	531	1484	209	25	71	"QUADRA-NET"
✗	848	1485	50	19	92	|Jana
✗	907	1484	177	26	93	Czochra1skiego
✗	1094	1484	101	24	93	8,61-248
✗	1271	1484	112	20	79	|K0SZTY
✗	41	1517	63	20	92	29/08
✗	248	1517	187	20	88	FA/410/08/2025
✗	621	1517	118	20	92	KIDAWA
✗	899	1517	171	25	90	77/81B,42-202
✗	1081	1517	153	26	81	Częstochowa
✗	1271	1517	112	20	81	|K0SZTY
✗	41	1551	63	20	91	30/08
✓	248	1551	106	20	68	305/2025
✗	530	1551	167	20	92	0STR0WSKI
✗	706	1551	83	20	92	PI0TR
✗	848	1551	141	20	90	W0RCELA
✗	1001	1551	136	25	92	13/8,42-200
✗	1146	1551	87	26	86	CZĘST
✗	1272	1547	143	24	86	|SPRZEDAŻ
✗	41	1584	63	20	92	31/08
✗	248	1584	143	20	73	201/08/2025
✗	530	1584	78	26	92	Lucjan
✗	617	1584	162	20	92	Wodzisławski
✗	848	1584	91	20	92	Kraków
✗	948	1584	92	20	92	Leonida
✗	1049	1584	66	26	93	Te1igi
✗	1124	1584	115	25	88	24,30-835
✗	1271	1584	112	20	91	|K0SZTY
✗	41	1617	63	20	92	32/08
✗	248	1617	144	20	59	F/041652/25
✗	531	1617	101	20	92	"FIRMA
✗	640	1617	99	20	92	DENIX"
✗	849	1617	144	26	91	|Strumykowa
✗	1001	1617	102	25	92	2,58-200
✗	1113	1617	126	20	65	Dzierżonić
✗	1271	1617	112	20	90	|K0SZTY
✗	41	1651	63	20	93	33/08
✓	248	1651	213	20	58	F/04674/08/25/M1
✗	531	1651	94	20	91	"ASW0
✗	686	1651	133	20	88	P0BR0TY
✗	848	1651	139	20	88	|Inwestorska
✗	995	1651	116	25	92	26,75-845
✗	1121	1651	101	20	84	Kosza1in
✗	1271	1651	112	20	77	|K0SZTY
✗	41	1684	63	20	93	34/08
✗	248	1684	85	20	96	397760
✗	531	1684	260	20	91	V0LLMART24.C0M
✗	848	1684	69	26	77	|Bitwy
✗	925	1684	148	26	93	Białostockiej
✗	1084	1684	101	25	92	5,15-102
✗	1271	1684	112	20	90	|K0SZTY
✗	41	1718	63	20	93	35/08
✓	248	1718	106	20	91	306/2025
✗	530	1718	185	20	91	KANCELARIA
✗	848	1718	52	20	92	|Miła
✗	910	1718	167	25	92	37/128,01-050
✗	1087	1719	120	19	91	Warszawa
✗	1272	1710	143	39	92	SPRZEDAŻ
✗	41	1751	63	20	92	36/08
✓	248	1751	106	20	92	307/2025
✗	530	1751	168	20	91	GRETA-MED
✗	707	1751	112	20	92	ALEKSA
✗	847	1751	84	20	92	|ARMII
✗	940	1751	147	20	91	KRAJ0WEJ
✗	1098	1751	153	25	92	76/44,42-200
✗	1272	1747	143	24	89	SPRZEDAŻ
✗	41	1785	63	20	91	37/08
✗	249	1785	120	20	91	8232/2025
✗	530	1785	83	20	92	Marcin
✗	685	1785	107	20	90	"SHAKY
✗	884	1785	113	26	92	Listopada
✗	1006	1785	116	25	92	31,28-300
✗	1131	1785	117	26	92	Jędrzejów
✗	1271	1785	112	20	92	|K0SZTY
✗	41	1818	63	20	93	38/08
✓	248	1818	213	20	56	F/05633/08/25/M1
✗	531	1818	94	20	89	"ASW0
✗	686	1818	133	20	91	P0BR0TY
✗	848	1818	139	20	92	|Inwestorska
✗	995	1818	116	25	93	26,75-845
✗	1121	1818	101	20	57	Kosza1in
✗	1271	1819	94	19	57	|ZAKUP
✗	1374	1812	153	26	79	T0WARÓW
✗	41	1852	63	20	92	39/08
✓	248	1852	259	20	78	F/M09/0001419/08/25
✗	531	1852	209	25	79	"QUADRA-NET"
✗	848	1853	50	19	92	|Jana
✗	907	1852	177	26	88	Czochra1skiego
✗	1094	1852	101	24	91	8,61-248
✗	1271	1853	94	19	60	ZAKUP
✗	1374	1846	153	26	92	T0WARÓW
✗	40	1885	64	20	93	40/08
✓	248	1885	106	20	87	308/2025
✗	614	1879	110	26	91	SPÓŁKA
✗	732	1885	91	20	92	AKCYJ
✗	886	1886	113	19	92	Dworcem
✗	1010	1885	120	25	87	1D,77-400
✗	1139	1885	82	20	93	Złotów
✗	1272	1881	143	24	50	|SPRZEDAŻ
✗	40	1919	64	20	93	41/08
✗	248	1919	148	20	92	F25-08-1257
✗	530	1919	138	20	91	MAGB0SS
✗	678	1913	110	26	92	SPÓŁKA
✗	848	1919	117	20	55	|Kwiatowa
✗	977	1919	113	25	92	17,47-460
✗	1100	1919	103	26	93	Chałupki
✗	1271	1919	112	20	93	K0SZTY
✗	40	1952	64	20	92	42/08
✗	271	1952	193	20	87	9112K1/1353/25
✗	530	1952	94	20	91	0RLEN
✗	635	1946	109	26	91	SPÓŁKA
✗	848	1952	124	20	73	|Chemików
✗	981	1952	99	25	92	7,09-411
✗	1092	1952	65	20	93	Płock
✗	1271	1952	112	20	93	K0SZTY
✗	40	1986	64	20	93	43/08
✓	248	1986	213	20	46	F/06255/08/25/M1
✗	531	1986	94	20	90	"ASW0
✗	686	1986	133	20	90	P0BR0TY
✗	848	1986	139	20	91	|Inwestorska
✗	995	1986	116	25	93	26,75-845
✗	1121	1986	101	20	64	Kosza1in
✗	1271	1987	94	19	64	|ZAKUP
✗	1374	1980	153	26	77	T0WARÓW
✗	2254	1987	36	19	32	111/|
✗	40	2019	64	20	92	44/08
✓	248	2019	106	20	89	309/2025
✗	531	2019	139	20	91	CENTRUM
✗	680	2019	92	20	90	0PIEKI
✗	848	2019	51	26	62	|mjra
✗	908	2019	116	20	92	Wa1eriana
✗	1032	2019	166	26	93	Łukasińskiego
✗	1272	2015	143	24	73	SPRZEDAŻ
✗	40	2053	64	20	93	45/08
✗	248	2053	202	20	89	370/A-0/08/2025
✗	530	2053	184	20	92	REGI0NALNE
✗	724	2053	93	20	74	CENTR
✗	848	2053	108	20	74	|Wo1ności
✗	966	2053	116	25	92	92,41-700
✗	1161	2047	73	32	76	Ś1ąska
✗	1271	2054	94	19	76	|ZAKUP
✗	1374	2047	153	26	92	T0WARÓW
✗	40	2086	64	20	92	46/08
✗	248	2086	106	20	40	|310/2025
✗	530	2087	122	19	92	MENTAX
✗	662	2080	110	26	92	SPÓŁKA
✗	849	2086	139	20	66	|Szczecińska
✗	996	2086	160	25	92	25A/5,75-122
✗	1166	2086	86	20	93	Kosza1i
✗	1272	2082	143	24	89	SPRZEDAŻ
✗	40	2120	64	20	92	47/08
✗	248	2120	106	20	66	|311/2025
✗	531	2120	167	20	92	"C0MPENSA
✗	707	2120	122	20	92	T0WARZ
✗	848	2121	120	19	92	Warszawa
✗	976	2120	61	26	91	A1eje
✗	1046	2120	157	20	92	Jerozo1imskie
✗	1272	2116	143	24	91	|SPRZEDAŻ
✗	40	2153	64	20	93	48/08
✗	248	2153	106	20	52	|312/2025
✗	530	2153	195	20	89	HYDR0MIREX
✗	735	2147	89	26	89	ŚWIT0
✗	849	2153	89	20	78	Sadowa
✗	947	2153	102	25	92	2,42-360
✗	1059	2153	58	26	91	Poraj
✗	1272	2145	143	39	92	SPRZEDAŻ
✗	40	2187	64	20	93	49/08
✗	248	2187	153	20	91	549/S/8/2025
✗	530	2187	82	20	91	Łukasz
✗	621	2187	92	20	92	Wronka
✗	848	2187	92	20	92	Masłów
✗	949	2187	104	26	92	Pierwszy
✗	1063	2181	158	32	92	Świerczyńska
✗	1271	2187	112	20	84	|K0SZTY
✗	41	2220	63	20	92	50/08
✓	248	2220	106	20	91	313/2025
✗	531	2220	161	20	91	"INTERRISK
✗	700	2220	122	20	89	T0WARZ
✗	849	2220	122	20	52	|Stanisława
✗	980	2220	171	26	92	Noakowskiego
✗	1160	2220	88	24	93	22,00-6
✗	1272	2216	143	24	86	SPRZEDAŻ
✗	41	2254	63	20	93	51/08
✓	248	2254	106	20	91	314/2025
✗	614	2248	110	26	92	SPÓŁKA
✗	732	2254	91	20	92	AKCYJ
✗	886	2255	113	19	93	Dworcem
✗	1010	2254	120	25	90	1D,77-400
✗	1139	2254	82	20	92	Złotów
✗	1272	2250	143	24	33	SPRZEDAŻ
✗	1344	2324	70	23	92	strony
✗	2009	2321	89	20	66	127588|
✗	2935	2321	63	20	68	4252|
✗	1296	2355	150	26	90	przeniesienia
✗	2906	2355	92	20	37	484932
✗	1271	2389	80	19	92	Razem
✗	2007	2388	91	20	83	876493|
✗	2201	2388	91	20	36	329028
✗	2960	2388	39	20	56	184/|
✗	0	5	58	17	92	Druk:
✗	100	5	107	22	91	Streamsoft
✗	213	5	155	17	90	PCBIZNES
✗	400	5	93	17	93	5.1.176.2
✗	1140	67	221	36	92	Podatkowa
✗	1374	67	127	46	92	księga
✗	1513	67	244	46	91	przychodów
✗	1798	67	221	36	91	rozchodów
✗	2092	67	163	46	90	Sierpień
✗	688	125	263	35	92	GRZEG0RZ
✗	966	125	179	35	90	CIEK0T
✗	1329	125	178	35	89	SERWIS
✗	1522	124	108	46	89	A1eja
✗	1642	124	302	46	92	Niepod1egłości
✗	2021	124	265	45	91	Częstochowa
✗	2299	125	139	35	93	42-216
✗	2573	125	242	35	96	5732475751
✗	828	207	127	34	92	Kontrahent
✗	1826	211	107	26	92	Przychód
✗	2222	211	72	26	91	Zakup
✗	2733	211	98	26	89	Wydatki
✗	2839	211	93	26	93	(koszty)
✗	3179	212	81	25	92	Koszty
✗	1406	244	109	20	91	zdarzenia
✗	2208	244	101	20	92	towarów
✗	2387	240	80	34	92	Koszty
✗	3179	244	134	26	91	rozwojowej
✗	334	278	92	20	92	dowodu
✗	1649	274	89	34	92	wartość
✗	2030	285	71	13	92	razem
✗	2189	278	139	26	89	hand1owych
✗	2379	278	94	20	92	uboczne
✗	2531	285	108	19	92	wynagro-
✗	2930	285	71	13	92	razem
✗	3211	278	79	20	85	art.26e
✗	352	311	55	26	93	księ-
✗	662	311	108	20	91	nazwisko
✗	1016	307	67	34	92	Adres
✗	1343	311	172	26	92	gospodarczego
✗	1623	311	143	26	91	sprzedanych
✗	1825	307	108	34	92	pozostałe
✗	2012	311	106	26	92	przychód
✗	2217	311	97	20	92	materiał.
✗	2386	311	82	26	93	zakupu
✗	2534	311	74	20	92	dzenia
✗	2716	307	108	34	92	pozostałe
✗	2919	307	91	34	92	wydatki
✗	3181	311	134	26	90	dochodowy
✗	335	352	89	19	92	gowego
✗	640	341	78	34	92	(firma)
✗	1644	345	100	20	91	towarów
✗	1819	345	121	26	92	przychody
✗	2034	345	62	26	92	(7+8)
✗	2530	345	96	26	92	gotówce
✗	2919	345	91	26	89	(12+13)
✗	1671	378	61	26	93	usług
✗	2218	378	83	26	91	zakupu
✗	2558	381	83	17	93	naturze
✗	3235	378	76	20	92	wartoś
✗	41	579	63	20	92	52/08
✓	248	579	106	20	91	315/2025
✗	614	573	110	26	92	SPÓŁKA
✗	732	579	91	20	92	AKCYJ
✗	886	580	113	19	93	Dworcem
✗	1010	579	120	25	90	1D,77-400
✗	1139	579	82	20	93	Złotów
✗	1272	575	143	24	51	SPRZEDAŻ
✗	41	613	63	20	93	53/08
✗	530	613	128	20	92	KRISMAT
✗	667	613	149	20	92	KRZYSZT0
✗	848	613	130	20	90	|Włocławek
✗	987	613	77	20	91	Płocka
✗	1073	613	116	24	92	54,87-800
✗	1271	613	112	20	93	K0SZTY
✗	41	646	63	20	93	54/08
✗	274	646	198	20	92	13043k3/4569/25
✗	530	646	94	20	91	0RLEN
✗	635	640	109	26	91	SPÓŁKA
✗	848	646	124	20	78	|Chemików
✗	981	646	99	25	93	7,09-411
✗	1092	646	65	20	93	Płock
✗	1271	646	112	20	93	K0SZTY
✗	41	680	63	20	93	55/08
✗	248	680	259	20	51	|F/M02/0001071/08/25
✗	531	680	209	25	83	"QUADRA-NET"
✗	848	681	50	19	85	|Jana
✗	907	680	177	26	92	Czochra1skiego
✗	1094	680	101	24	92	8,61-248
✗	1271	681	94	19	92	ZAKUP
✗	1374	674	153	26	91	T0WARÓW
✗	41	713	63	20	92	56/08
✗	248	713	248	20	26	/f/m09/0001544/08/25
✗	531	713	209	25	39	|"QUADRA-NET"
✗	848	714	50	19	84	|Jana
✗	907	713	177	26	92	Czochra1skiego
✗	1094	713	101	24	91	8,61-248
✗	1271	714	94	19	92	ZAKUP
✗	1374	707	153	26	92	T0WARÓW
✗	41	747	63	20	91	57/08
✓	248	747	213	20	83	F/08392/08/25/M1
✗	531	747	94	20	90	"ASW0
✗	686	747	133	20	89	P0BR0TY
✗	848	747	139	20	92	|Inwestorska
✗	995	747	116	25	93	26,75-845
✗	1121	747	101	20	66	Kosza1in
✗	1271	748	94	19	66	|ZAKUP
✗	1374	741	153	26	86	T0WARÓW
✗	41	780	63	20	93	58/08
✓	248	780	213	20	78	F/08929/08/25/M1
✗	531	780	94	20	90	"ASW0
✗	686	780	133	20	89	P0BR0TY
✗	848	780	139	20	91	|Inwestorska
✗	995	780	116	25	92	26,75-845
✗	1121	780	101	20	68	Kosza1in
✗	1271	781	94	19	63	|ZAKUP
✗	1374	774	153	26	63	T0WARÓW
✗	41	814	63	20	92	59/08
✓	248	814	106	20	91	316/2025
✗	530	814	284	26	13	PRZEDSIĘBI0RSTW0.
✗	848	814	122	20	91	|Tartakowa
✗	982	814	151	25	93	15/21,42-200
✗	1142	814	106	26	93	Częstoch
✗	1272	810	143	24	84	SPRZEDAŻ
✗	41	847	63	20	92	60/08
✓	248	847	106	20	91	317/2025
✗	614	841	110	26	92	SPÓŁKA
✗	732	847	91	20	92	AKCYJ
✗	886	848	113	19	92	Dworcem
✗	1010	847	120	25	91	1D,77-400
✗	1139	847	82	20	79	Złotów
✗	1272	843	143	24	58	|SPRZEDAŻ
✗	41	881	63	20	93	61/08
✓	248	881	106	20	91	318/2025
✗	614	875	110	26	92	SPÓŁKA
✗	732	881	91	20	92	AKCYJ
✗	886	882	113	19	93	Dworcem
✗	1010	881	120	25	88	1D,77-400
✗	1139	881	82	20	81	Złotów
✗	1272	877	143	24	61	|SPRZEDAŻ
✗	41	914	63	20	93	62/08
✓	248	914	213	20	74	F/09494/08/25/M1
✗	531	914	94	20	90	"ASW0
✗	686	914	133	20	89	P0BR0TY
✗	848	914	139	20	91	|Inwestorska
✗	995	914	116	25	92	26,75-845
✗	1121	914	101	20	66	Kosza1in
✗	1271	915	94	19	63	|ZAKUP
✗	1374	908	153	26	63	T0WARÓW
✗	41	948	63	20	93	63/08
✓	248	948	106	20	88	319/2025
✗	530	948	141	20	92	HABINIAK
✗	679	948	135	20	92	KATARZY
✗	848	948	169	20	90	|WRZ0S0WA
✗	1026	948	102	25	90	2,42-100
✗	1137	948	97	20	90	KŁ0BU
✗	1272	944	143	24	90	|SPRZEDAŻ
✗	41	981	63	20	92	64/08
✓	248	981	106	20	92	320/2025
✗	614	975	110	26	92	SPÓŁKA
✗	732	981	91	20	92	AKCYJ
✗	886	982	113	19	93	Dworcem
✗	1010	981	120	25	91	1D,77-400
✗	1139	981	82	20	93	Złotów
✗	1272	977	143	24	64	|SPRZEDAŻ
✗	41	1015	63	20	93	65/08
✓	248	1015	106	20	92	321/2025
✗	531	1015	167	20	92	"C0MPENSA
✗	707	1015	122	20	92	T0WARZ
✗	848	1016	120	19	91	Warszawa
✗	976	1015	61	26	92	A1eje
✗	1046	1015	157	20	92	Jerozo1imskie
✗	1272	1011	143	24	91	|SPRZEDAŻ
✗	41	1048	63	20	92	66/08
✓	248	1048	106	20	92	322/2025
✗	531	1048	167	20	92	"C0MPENSA
✗	707	1048	122	20	91	T0WARZ
✗	848	1049	120	19	92	Warszawa
✗	976	1048	61	26	91	A1eje
✗	1046	1048	157	20	92	Jerozo1imskie
✗	1272	1044	143	24	91	|SPRZEDAŻ
✗	41	1082	63	20	93	67/08
✓	248	1082	213	20	77	F/10140/08/25/M1
✗	531	1082	94	20	90	"ASW0
✗	686	1082	133	20	90	P0BR0TY
✗	848	1082	139	20	92	|Inwestorska
✗	995	1082	116	25	93	26,75-845
✗	1121	1082	101	20	70	Kosza1in
✗	1271	1083	94	19	70	|ZAKUP
✗	1374	1076	153	26	71	T0WARÓW
✗	41	1115	63	20	93	68/08
✗	247	1115	197	20	78	4339/MAG/2025
✗	531	1115	182	20	92	CLIMAST0RE
✗	722	1115	93	20	51	CEZAR.
✗	848	1115	154	26	91	|Częstochowa
✗	1080	1115	160	26	65	Dwernickiego
✗	1271	1116	94	19	57	|ZAKUP
✗	1374	1109	153	26	90	T0WARÓW
✗	41	1148	63	20	92	69/08
✓	248	1148	106	20	91	323/2025
✗	614	1142	110	26	92	SPÓŁKA
✗	732	1148	91	20	92	AKCYJ
✗	886	1149	113	19	93	Dworcem
✗	1010	1148	120	25	89	1D,77-400
✗	1139	1148	82	20	93	Złotów
✗	1272	1144	143	24	50	SPRZEDAŻ
✗	41	1182	63	20	90	70/08
✗	248	1182	193	20	89	6008/08/25/PTV
✗	530	1182	131	20	92	PARTNER
✗	669	1182	142	20	55	TELE.C0M_
✗	849	1182	144	26	81	|Sołtysowska
✗	1001	1182	117	25	92	22,31-589
✗	1127	1182	92	20	85	Kraków
✗	1271	1183	94	19	87	ZAKUP
✗	1374	1176	153	26	91	T0WARÓW
✗	41	1215	63	20	92	71/08
✓	248	1215	259	20	76	F/M04/0001488/08/25
✗	531	1215	209	25	85	"QUADRA-NET"
✗	848	1216	50	19	84	|Jana
✗	907	1215	177	26	92	Czochra1skiego
✗	1094	1215	101	24	91	8,61-248
✗	1271	1216	94	19	92	ZAKUP
✗	1374	1209	153	26	92	T0WARÓW
✗	41	1249	63	20	91	72/08
✓	248	1249	213	20	87	F/10451/08/25/M1
✗	531	1249	94	20	89	"ASW0
✗	686	1249	133	20	88	P0BR0TY
✗	848	1249	139	20	88	|Inwestorska
✗	995	1249	116	25	93	26,75-845
✗	1121	1249	101	20	69	Kosza1in
✗	1271	1250	94	19	62	|ZAKUP
✗	1374	1243	153	26	62	T0WARÓW
✗	41	1282	63	20	92	73/08
✓	248	1282	106	20	91	324/2025
✗	530	1282	284	26	85	PRZEDSIĘBI0RSTW0
✗	870	1282	108	20	93	Kamienic
✗	987	1282	136	24	91	21R,42-226
✗	1133	1282	105	26	85	Częstoch
✗	1272	1278	143	24	88	|SPRZEDAŻ
✗	41	1316	63	20	92	74/08
✗	248	1316	106	20	79	|325/2025
✗	530	1316	103	20	92	MARTA
✗	642	1316	169	26	90	GĄSI0R0WS
✗	848	1316	223	20	90	|CHRZAN0WSKA
✗	1079	1316	138	25	83	46D,32-540
✗	1272	1312	143	24	89	|SPRZEDAŻ
✗	41	1349	63	20	92	75/08
✗	248	1349	106	20	68	|326/2025
✗	531	1349	161	20	92	"INTERRISK
✗	700	1349	122	20	89	T0WARZ
✗	849	1349	122	20	53	|Stanisława
✗	980	1349	171	26	92	Noakowskiego
✗	1160	1349	88	24	93	22,00-6
✗	1272	1345	143	24	85	SPRZEDAŻ
✗	41	1383	63	20	92	76/08
✗	248	1383	106	20	61	|327/2025
✗	531	1383	161	20	91	"INTERRISK
✗	700	1383	122	20	89	T0WARZ
✗	849	1383	122	20	47	|Stanisława
✗	980	1383	171	26	92	Noakowskiego
✗	1160	1383	88	24	93	22,00-6
✗	1272	1379	143	24	86	SPRZEDAŻ
✗	41	1417	63	20	89	77/08
✗	248	1417	227	20	62	00053/RBWT/2025
✗	530	1417	127	20	91	MIEJSKIE
✗	666	1417	161	26	91	PRZEDSIĘBI
✗	847	1417	62	26	86	A1eja
✗	917	1417	173	26	93	Niepod1egłości
✗	1099	1417	116	25	91	30,42-200
✗	1271	1417	112	20	89	|K0SZTY
✗	41	1450	63	20	92	78/08
✗	204	1450	242	20	47	19|00192/STU/2025
✗	530	1450	127	20	91	MIEJSKIE
✗	666	1450	161	26	92	PRZEDSIĘBI
✗	847	1450	62	26	88	A1eja
✗	917	1450	173	26	93	Niepod1egłości
✗	1099	1450	116	25	91	30,42-200
✗	1271	1450	112	20	89	|K0SZTY
✗	41	1484	63	20	92	79/08
✗	271	1484	187	20	92	3576k2/7792/25
✗	531	1484	152	20	86	"INTER0IL"
✗	694	1478	127	26	92	SPÓŁKA
✗	848	1484	90	20	92	|Ko1onia
✗	948	1484	163	20	92	Szczercowska
✗	1126	1484	103	25	88	4,97-420
✗	1271	1484	112	20	88	|K0SZTY
✗	42	1517	62	20	93	80/08
✗	216	1517	287	20	52	6|2010/001202/060825/
✗	603	1511	110	26	92	SPÓŁKA
✗	848	1517	120	20	31	Jankowice
✗	977	1517	123	20	93	Poznańska
✗	1108	1517	117	25	93	48,62-080
✗	1271	1517	112	20	88	K0SZTY
✗	42	1551	62	20	91	81/08
✗	204	1551	288	20	4	11/|00698625070350100
✗	531	1551	100	20	92	|CIRCLE
✗	668	1551	110	20	92	P0LSKA
✗	848	1551	109	20	90	|Puławska
✗	967	1551	114	24	91	86,02-603
✗	1092	1552	120	19	90	Warszawa
✗	1271	1551	112	20	93	K0SZTY
✗	42	1584	62	20	92	82/08
✗	248	1584	176	20	92	M018498/2025
✗	530	1584	90	20	92	PETR0
✗	629	1584	101	20	92	P0WER
✗	739	1578	90	26	92	SPÓŁK
✗	848	1584	129	26	57	Wręczycka
✗	989	1584	134	25	91	11A,42-200
✗	1133	1584	118	26	92	Częstocho
✗	1271	1584	112	20	88	K0SZTY
✗	42	1617	62	20	91	83/08
✗	248	1617	156	20	91	PL5887934/F
✗	601	1611	110	26	91	SPÓŁKA
✗	848	1617	145	20	92	|Powstańców
✗	1003	1611	95	32	92	Ś1ąskich
✗	1106	1617	102	24	91	9,53-332
✗	1271	1617	112	20	67	|K0SZTY
✗	42	1651	62	20	92	84/08
✗	247	1651	184	20	88	4016/ALL/2025
✗	530	1651	116	20	92	ZAKŁAD
✗	655	1651	167	20	85	P0LIGRAFIC
✗	848	1651	119	20	89	|Bo1esława
✗	975	1651	121	26	92	Chrobrego
✗	1106	1651	116	25	93	50,78-320
✗	1271	1651	112	20	66	K0SZTY
✗	42	1684	62	20	91	85/08
✗	248	1684	114	20	96	96705889
✗	531	1684	100	20	91	"T0YA"
✗	642	1678	109	26	92	SPÓŁKA
✗	849	1684	153	26	68	|Sołtysowicka
✗	1013	1684	150	25	91	13/15,51-168
✗	1173	1684	72	20	92	Wrocł
✗	1271	1684	112	20	91	|K0SZTY
✗	42	1718	62	20	92	86/08
✗	248	1718	156	20	89	PL5921497/F
✗	601	1712	110	26	91	SPÓŁKA
✗	848	1718	145	20	92	|Powstańców
✗	1003	1712	95	32	92	Ś1ąskich
✗	1106	1718	102	24	91	9,53-332
✗	1271	1718	112	20	81	|K0SZTY
✗	42	1751	62	20	91	87/08
✗	248	1751	184	20	91	FS-384/08/2025
✗	530	1751	124	20	92	T0MBUD
✗	664	1745	110	26	92	SPÓŁKA
✗	847	1751	134	20	91	Zdunowska
✗	993	1751	128	25	92	197,63-700
✗	1130	1752	119	25	91	Krotoszyn
✗	1271	1751	112	20	80	K0SZTY
✗	42	1785	62	20	93	88/08
✗	201	1785	214	20	61	21|L014634/2025
✗	530	1785	90	20	92	PETR0
✗	629	1785	101	20	92	P0WER
✗	739	1779	90	26	92	SPÓŁK
✗	848	1785	129	26	75	Wręczycka
✗	989	1785	134	25	91	11A,42-200
✗	1133	1785	118	26	93	Częstocho
✗	1271	1785	112	20	89	K0SZTY
✗	42	1818	62	20	91	89/08
✗	248	1818	187	20	92	FA/687/08/2025
✗	621	1818	118	20	92	KIDAWA
✗	899	1818	171	25	92	77/81B,42-202
✗	1081	1818	153	26	82	Częstochowa
✗	1271	1818	112	20	82	|K0SZTY
✗	41	1852	63	20	91	90/08
✗	201	1852	131	20	39	21|222812
✗	530	1852	121	20	91	AUCHAN
✗	661	1852	110	20	91	P0LSKA
✗	848	1852	114	20	78	|Piaseczno
✗	971	1852	109	20	92	Puławska
✗	1088	1852	117	24	92	46,05-500
✗	1271	1852	112	20	93	K0SZTY
✗	41	1885	63	20	92	91/08
✗	202	1885	109	20	37	31/94/08
✗	530	1885	88	20	92	BIUR0
✗	628	1885	189	20	92	RACHUNK0W
✗	848	1886	68	19	84	|Nowa
✗	992	1885	180	26	91	Częstochowska
✗	1181	1885	62	25	92	76,42
✗	1271	1885	112	20	90	|K0SZTY
✗	41	1919	63	20	92	92/08
✗	248	1919	167	20	91	L015026/2025
✗	530	1919	90	20	92	PETR0
✗	629	1919	101	20	92	P0WER
✗	739	1913	90	26	92	SPÓŁK
✗	848	1919	129	26	67	Wręczycka
✗	989	1919	134	25	91	11A,42-200
✗	1133	1919	118	26	93	Częstocho
✗	1271	1919	112	20	89	K0SZTY
✗	41	1952	63	20	92	93/08
✗	248	1952	153	20	92	668/S/8/2025
✗	530	1952	82	20	91	Łukasz
✗	621	1952	92	20	92	Wronka
✗	848	1952	92	20	92	Masłów
✗	949	1952	104	26	92	Pierwszy
✗	1063	1946	158	32	92	Świerczyńska
✗	1271	1952	112	20	85	|K0SZTY
✗	41	1986	63	20	92	94/08
✗	248	1986	181	20	68	F/1828/08/2025
✗	530	1986	194	20	91	FURG0NETKA
✗	734	1980	89	26	91	SPÓŁK
✗	847	1986	62	26	86	|A1eja
✗	917	1986	85	26	93	Księcia
✗	1011	1986	73	20	93	Józefa
✗	1092	1986	118	20	92	Poniatows
✗	1271	1986	112	20	89	|K0SZTY
✗	41	2019	63	20	92	95/08
✗	248	2019	158	20	84	7325/08/2025
✗	530	2019	116	20	91	DAMIAN
✗	656	2019	164	20	90	MACIEJEWS
✗	848	2020	120	19	53	|Warszawa
✗	977	2019	136	26	91	Wincentego
✗	1123	2019	128	26	91	Rzymowsk
✗	1271	2019	112	20	85	|K0SZTY
✗	41	2053	63	20	92	96/08
✗	201	2053	300	20	60	28|2010/0081/280825/85
✗	530	2054	64	19	72	|LIDL
✗	603	2047	110	26	92	SPÓŁKA
✗	848	2053	120	20	79	Jankowice
✗	977	2053	123	20	92	Poznańska
✗	1108	2053	117	25	92	48,62-080
✗	1271	2053	112	20	91	K0SZTY
✗	41	2086	63	20	92	97/08
✗	251	2086	217	20	91	13453/08/2025/UL
✗	530	2086	156	20	92	LEASELINK
✗	695	2080	110	26	89	SPÓŁKA
✗	848	2086	145	20	85	|Grochowska
✗	1002	2086	182	24	92	306/308,03-840
✗	1271	2086	112	20	91	|K0SZTY
✗	41	2120	63	20	92	98/08
✗	248	2120	114	20	44	6/08/2025
✗	619	2120	144	20	91	WIKT0RIA
✗	848	2120	154	26	92	|Częstochowa
✗	1010	2120	137	26	90	Wincentego
✗	1156	2120	81	20	81	Witosa
✗	1271	2120	112	20	86	|K0SZTY
✗	41	2153	63	20	92	99/08
✗	248	2153	160	20	88	FV/2025/8/34
✗	530	2153	215	20	92	NIEC0DZIENKA
✗	848	2153	100	20	82	|Jarosław
✗	958	2147	104	32	93	Świętego
✗	1071	2153	74	20	93	Ducha
✗	1154	2153	91	25	92	5A/2,37
✗	1271	2153	112	20	69	|K0SZTY
✗	29	2187	75	20	92	100/08
✗	201	2187	228	20	57	21|FV/UP/1841/25
✗	530	2187	120	20	93	P0LMAX
✗	659	2187	97	20	92	GR0UP
✗	848	2187	140	26	73	|Jagie11ońska
✗	996	2187	117	24	91	48,42-200
✗	1123	2187	119	26	78	Częstocho
✗	1271	2187	112	20	66	|K0SZTY
✗	29	2220	75	20	92	101/08
✗	202	2220	294	20	39	31|03584/07/2025/,W0L
✗	530	2220	156	20	92	|LEASELINK
✗	695	2214	110	26	89	SPÓŁKA
✗	848	2220	145	20	88	|Grochowska
✗	1002	2220	182	24	92	306/308,03-840
✗	1271	2220	112	20	91	|K0SZTY
✗	29	2254	75	20	90	102/08
✗	248	2254	153	20	88	791/S/7/2025
✗	530	2254	82	20	91	Łukasz
✗	621	2254	92	20	92	Wronka
✗	848	2254	92	20	92	Masłów
✗	949	2254	104	26	92	Pierwszy
✗	1063	2248	158	32	92	Świerczyńska
✗	1271	2254	112	20	86	|K0SZTY
✗	1344	2324	70	23	92	strony
✗	2229	2321	61	20	39	9631/
✗	1296	2355	150	26	90	przeniesienia
✗	2007	2355	91	20	82	876493|
✗	2201	2355	91	20	47	329028
✗	2712	2355	93	20	0	291027
✗	2960	2355	39	20	54	184/|
✗	1271	2389	80	19	92	Razem
✗	2007	2388	92	20	61	880056|
✗	0	5	58	17	92	Druk:
✗	100	5	107	22	91	Streamsoft
✗	213	5	155	17	90	PCBIZNES
✗	400	5	93	17	93	5.1.176.2
✗	1140	67	221	36	92	Podatkowa
✗	1374	67	127	46	92	księga
✗	1513	67	244	46	91	przychodów
✗	1798	67	221	36	91	rozchodów
✗	2092	67	163	46	90	Sierpień
✗	688	125	263	35	92	GRZEG0RZ
✗	966	125	179	35	90	CIEK0T
✗	1329	125	178	35	89	SERWIS
✗	1522	124	108	46	89	A1eja
✗	1642	124	302	46	92	Niepod1egłości
✗	2021	124	265	45	91	Częstochowa
✗	2299	125	139	35	93	42-216
✗	2573	125	242	35	96	5732475751
✗	828	207	127	34	92	Kontrahent
✗	1826	211	107	26	92	Przychód
✗	2222	211	72	26	91	Zakup
✗	2733	211	97	26	89	Wydatki
✗	2839	211	93	26	93	(koszty)
✗	3179	212	81	25	92	Koszty
✗	1406	244	109	20	91	zdarzenia
✗	2208	244	101	20	92	towarów
✗	2387	240	80	34	92	Koszty
✗	3179	244	134	26	91	rozwojowej
✗	334	278	92	20	92	dowodu
✗	1649	274	89	34	92	wartość
✗	2030	285	71	13	92	razem
✗	2189	278	139	26	89	hand1owych
✗	2379	278	94	20	92	uboczne
✗	2531	285	108	19	92	wynagro-
✗	2930	285	71	13	92	razem
✗	3211	278	79	20	85	art.26e
✗	352	311	55	26	93	księ-
✗	663	311	107	20	91	nazwisko
✗	1016	307	67	34	92	Adres
✗	1343	311	172	26	92	gospodarczego
✗	1623	311	143	26	91	sprzedanych
✗	1825	307	108	34	92	pozostałe
✗	2012	311	106	26	92	przychód
✗	2217	311	97	20	92	materiał.
✗	2386	311	82	26	93	zakupu
✗	2534	311	74	20	92	dzenia
✗	2716	307	108	34	92	pozostałe
✗	2919	307	91	34	92	wydatki
✗	3181	311	134	26	90	dochodowy
✗	335	352	89	19	92	gowego
✗	640	341	78	34	92	(firma)
✗	1644	345	100	20	91	towarów
✗	1819	345	121	26	92	przychody
✗	2034	345	62	26	92	(7+8)
✗	2530	345	96	26	92	gotówce
✗	2919	345	91	26	89	(12+13)
✗	1675	374	57	34	93	usług
✗	2218	378	83	26	91	zakupu
✗	2558	381	83	17	93	naturze
✗	3235	378	76	20	92	wartoś
✗	29	579	75	20	91	103/08
✗	247	579	154	20	79	492/S/7/2025
✗	530	579	82	20	91	Łukasz
✗	622	579	91	20	92	Wronka
✗	848	579	92	20	91	Masłów
✗	949	579	104	26	91	Pierwszy
✗	1063	574	158	31	93	Świerczyńska
✗	1271	579	112	20	66	|K0SZTY
✗	29	613	75	20	92	104/08
✗	216	613	124	20	16	5|40/2025
✗	530	613	82	20	91	Łukasz
✗	622	613	91	20	92	Wronka
✗	848	613	92	20	91	Masłów
✗	949	613	104	26	92	Pierwszy
✗	1063	608	158	31	93	Świerczyńska
✗	1271	613	112	20	69	|K0SZTY
✗	29	646	75	20	90	105/08
✗	530	646	153	20	92	GRZEG0RZ
✗	693	646	103	20	88	CIEK0T
✗	848	646	154	26	76	|Częstochowa
✗	1010	646	61	26	92	A1eja
✗	1080	646	172	26	56	Niepod1egłości
✗	1272	646	257	20	92	WYNAGR0DZENIA
✗	29	680	75	20	92	106/08
✗	274	680	204	20	76	11258K2/1353/25
✗	530	680	94	20	26	|0RLEN
✗	635	675	109	25	91	SPÓŁKA
✗	848	680	124	20	44	|Chemików
✗	981	680	99	25	92	7,09-411
✗	1092	680	65	20	93	Płock
✗	1271	680	112	20	93	K0SZTY
✗	29	713	75	20	91	107/08
✗	248	713	112	20	89	RAP0RT
✗	369	713	139	20	92	FISKALNY
✗	530	713	153	20	91	|GRZEG0RZ
✗	693	713	103	20	90	CIEK0T
✗	848	713	154	26	70	|Częstochowa
✗	1010	713	61	26	93	A1eja
✗	1080	713	172	26	93	Niepod1egłości
✗	1272	709	143	24	88	SPRZEDAŻ
✗	29	747	75	20	90	108/08
✗	248	747	112	20	86	RAP0RT
✗	369	747	136	20	91	K0REKTA
✗	530	747	153	20	92	|GRZEG0RZ
✗	693	747	103	20	91	CIEK0T
✗	848	747	154	26	32	|Częstochowa
✗	1010	747	61	26	93	A1eja
✗	1080	747	172	26	93	Niepod1egłości
✗	1272	743	143	24	88	SPRZEDAŻ
✗	1344	817	70	23	92	strony
✗	2532	814	79	20	82	23330
✗	1296	847	150	26	90	przeniesienia
✗	2007	847	92	20	61	880056|
✗	1271	882	80	19	92	Razem
✗	2713	881	143	20	39	307911/|83|
✗	2907	881	144	20	66	529398|42|
✗	1271	984	303	36	92	Podsumowanie
✗	1589	996	183	33	92	miesiąca:
✗	1791	985	156	45	92	sierpień
✗	1343	1072	99	26	92	miesiąca
✗	2532	1072	79	20	82	23330
✗	1271	1105	115	26	91	Poprzedni
✗	1395	1105	85	26	93	miesiąc
✗	2201	1105	91	20	84	315035|
✗	2906	1105	92	20	38	484932
✗	1271	1140	80	19	92	Razem
✗	2713	1139	143	20	39	307911/|83|
✗	2907	1139	144	20	66	529398|42|
